144	56	4
-0.9999999403953552	4.880000114440918	-1.0	0.7741081714630127	0.3779735565185547	1.0	0	0.0	0	0.0	0	2.9802322387695312e-08	0.0	-1.0	-1.0	0.0	-2.9802322387695312e-08	0.0	1.0	0.0
1.0	6.871875762939453	-0.9999999403953552	0.6184425354003906	0.533003568649292	1.0	0	0.0	0	0.0	0	2.9802322387695312e-08	0.0	-1.0	-1.0	0.0	-2.9802322387695312e-08	0.0	1.0	0.0
1.0	4.880000114440918	-0.9999999403953552	0.6184425354003906	0.3779735565185547	1.0	0	0.0	0	0.0	0	2.9802322387695312e-08	0.0	-1.0	-1.0	0.0	-2.9802322387695312e-08	0.0	1.0	0.0
-0.9999999403953552	2.880000114440918	-1.0	0.7741081714630127	0.22231125831604004	1.0	0	0.0	0	0.0	0	6.075797642779435e-08	0.0	-1.0	-1.0	0.0	-6.075797642779435e-08	0.0	1.0	0.0
-2.9620351791381836	4.880000114440918	-1.0000001192092896	0.92681884765625	0.3779735565185547	1.0	3	0.0	0	0.0	0	6.075797642779435e-08	0.0	-1.0	-1.0	0.0	-6.075797642779435e-08	0.0	1.0	0.0
-0.9999999403953552	4.880000114440918	-1.0	0.7741081714630127	0.3779735565185547	1.0	0	0.0	0	0.0	0	6.075797642779435e-08	0.0	-1.0	-1.0	0.0	-6.075797642779435e-08	0.0	1.0	0.0
1.0	4.880000114440918	-0.9999999403953552	0.6184425354003906	0.3779735565185547	1.0	0	0.0	0	0.0	0	5.960465188081798e-08	0.0	-1.0	-1.0	0.0	-5.960465188081798e-08	0.0	1.0	0.0
1.0	2.880000114440918	-0.9999999403953552	0.6184425354003906	0.22231125831604004	1.0	0	0.0	0	0.0	0	5.960465188081798e-08	0.0	-1.0	-1.0	0.0	-5.960465188081798e-08	0.0	1.0	0.0
4.371138828673793e-08	2.880000114440918	-1.0	0.6962754726409912	0.22231125831604004	1.0	0	0.0	0	0.0	0	5.960465188081798e-08	0.0	-1.0	-1.0	0.0	-5.960465188081798e-08	0.0	1.0	0.0
-4.371138828673793e-08	2.880000114440918	1.0	0.3111063241958618	0.5390300154685974	1.0	0	0.0	0	0.0	0	0.9349267482757568	-0.35484081506729126	0.0	0.014708329923450947	0.03875318169593811	0.9991405606269836	-0.354535847902298	-0.9341232180595398	0.04145050421357155
-1.0838159322738647	0.024385929107666016	-0.8894840478897095	0.1555575132369995	0.7551859617233276	1.0	0	0.0	0	0.0	0	0.9349267482757568	-0.35484081506729126	0.0	0.014708329923450947	0.03875318169593811	0.9991406202316284	-0.354535847902298	-0.9341232776641846	0.04145050421357155
4.371138828673793e-08	2.880000114440918	-1.0	0.1555575132369995	0.5330034494400024	1.0	0	0.0	0	0.0	0	0.9349267482757568	-0.35484081506729126	0.0	0.014708331786096096	0.03875318542122841	0.9991406202316284	-0.354535847902298	-0.9341232776641846	0.04145050793886185
-1.0	4.880000114440918	0.9999999403953552	0.1527106761932373	0.3779735565185547	1.0	0	0.0	0	0.0	0	-5.960465188081798e-08	0.0	1.0	1.0	0.0	5.960465188081798e-08	0.0	1.0	0.0
-1.0	2.880000114440918	0.9999999403953552	0.1527106761932373	0.22231125831604004	1.0	0	0.0	0	0.0	0	-5.960465188081798e-08	0.0	1.0	1.0	0.0	5.960465188081798e-08	0.0	1.0	0.0
-4.371138828673793e-08	2.880000114440918	1.0	0.2305433750152588	0.22231125831604004	1.0	0	0.0	0	0.0	0	-5.960465188081798e-08	0.0	1.0	1.0	0.0	5.960465188081798e-08	0.0	1.0	0.0
1.0	4.880000114440918	-0.9999999403953552	0.6184425354003906	0.3779735565185547	1.0	0	0.0	0	0.0	0	2.9923871380788114e-08	0.0	-1.0	-1.0	0.0	-2.9923871380788114e-08	0.0	1.0	0.0
2.9918761253356934	2.880000114440918	-0.9999998807907104	0.463409423828125	0.22231125831604004	1.0	2	0.0	0	0.0	0	2.9923871380788114e-08	0.0	-1.0	-1.0	0.0	-2.9923871380788114e-08	0.0	1.0	0.0
1.0	2.880000114440918	-0.9999999403953552	0.6184425354003906	0.22231125831604004	1.0	0	0.0	0	0.0	0	2.9923871380788114e-08	0.0	-1.0	-1.0	0.0	-2.9923871380788114e-08	0.0	1.0	0.0
-2.9620351791381836	4.880000114440918	0.9999998807907104	0.0	0.9254058599472046	1.0	3	0.0	0	0.0	0	-1.0	0.0	0.0	0.0	-1.0	0.0	0.0	0.0	1.0
-2.9620351791381836	2.880000114440918	-1.0000001192092896	0.15454012155532837	0.7697403430938721	1.0	3	0.0	0	0.0	0	-1.0	0.0	0.0	0.0	-1.0	0.0	0.0	0.0	1.0
-2.9620351791381836	2.880000114440918	0.9999998807907104	0.15454012155532837	0.9254058599472046	1.0	3	0.0	0	0.0	0	-1.0	0.0	0.0	0.0	-1.0	0.0	0.0	0.0	1.0
-1.0	2.880000114440918	0.9999999403953552	0.9308135509490967	0.8443344831466675	1.0	0	0.0	0	0.0	0	0.0	-1.0	0.0	1.0	0.0	0.0	0.0	0.0	1.0
-2.9620351791381836	2.880000114440918	-1.0000001192092896	0.7781028747558594	0.688668966293335	1.0	3	0.0	0	0.0	0	0.0	-1.0	0.0	1.0	0.0	0.0	0.0	0.0	1.0
-0.9999999403953552	2.880000114440918	-1.0	0.9308135509490967	0.688668966293335	1.0	0	0.0	0	0.0	0	0.0	-1.0	0.0	1.0	0.0	0.0	0.0	0.0	1.0
-0.9999999403953552	4.880000114440918	-1.0	0.7751481533050537	1.0	1.0	0	0.0	0	0.0	0	0.0	1.0	0.0	1.0	0.0	9.757778229868563e-08	9.757778229868563e-08	0.0	-1.0
-2.9620351791381836	4.880000114440918	0.9999998807907104	0.6224374771118164	0.8443344831466675	1.0	3	0.0	0	0.0	0	0.0	1.0	0.0	1.0	0.0	9.757776808783092e-08	9.757776808783092e-08	0.0	-1.0
-1.0	4.880000114440918	0.9999999403953552	0.7751481533050537	0.8443344831466675	1.0	0	0.0	0	0.0	0	0.0	1.0	0.0	1.0	0.0	9.757776098240356e-08	9.757776098240356e-08	0.0	-1.0
-1.0	4.880000114440918	0.9999999403953552	0.1527106761932373	0.3779735565185547	1.0	0	0.0	0	0.0	0	-3.0378988213897173e-08	0.0	1.0	1.0	0.0	3.0378988213897173e-08	0.0	1.0	0.0
-2.9620351791381836	2.880000114440918	0.9999998807907104	0.0	0.22231125831604004	1.0	3	0.0	0	0.0	0	-3.0378988213897173e-08	0.0	1.0	1.0	0.0	3.0378988213897173e-08	0.0	1.0	0.0
-1.0	2.880000114440918	0.9999999403953552	0.1527106761932373	0.22231125831604004	1.0	0	0.0	0	0.0	0	-3.0378988213897173e-08	0.0	1.0	1.0	0.0	3.0378988213897173e-08	0.0	1.0	0.0
2.9918761253356934	4.880000114440918	-0.9999998807907104	0.6224372982978821	0.8443344831466675	1.0	2	0.0	0	0.0	0	1.0	0.0	0.0	0.0	-1.0	0.0	0.0	0.0	-1.0
2.9918761253356934	2.880000114440918	1.0000001192092896	0.7781021595001221	0.688668966293335	1.0	2	0.0	0	0.0	0	1.0	0.0	0.0	0.0	-1.0	0.0	0.0	0.0	-1.0
2.9918761253356934	2.880000114440918	-0.9999998807907104	0.7781021595001221	0.8443344831466675	1.0	2	0.0	0	0.0	0	1.0	0.0	0.0	0.0	-1.0	0.0	0.0	0.0	-1.0
1.0	2.880000114440918	-0.9999999403953552	0.46677184104919434	0.7387632131576538	1.0	0	0.0	0	0.0	0	0.0	-1.0	0.0	1.0	-2.842170943040401e-14	0.0	0.0	0.0	1.0
2.9918761253356934	2.880000114440918	1.0000001192092896	0.6218050718307495	0.8944287300109863	1.0	2	0.0	0	0.0	0	0.0	-1.0	0.0	1.0	-2.8421712818535796e-14	0.0	0.0	0.0	1.0
0.9999999403953552	2.880000114440918	1.0	0.46677184104919434	0.8944287300109863	1.0	0	0.0	0	0.0	0	0.0	-1.0	0.0	1.0	-2.842170943040401e-14	0.0	0.0	0.0	1.0
0.9999999403953552	4.880000114440918	1.0	0.3111063241958618	0.7508547306060791	1.0	0	0.0	0	0.0	0	0.0	1.0	0.0	1.0	-5.684341886080802e-14	9.611593299041488e-08	9.611594009584223e-08	0.0	-1.0
2.9918761253356934	4.880000114440918	-0.9999998807907104	0.466139554977417	0.9065202474594116	1.0	2	0.0	0	0.0	0	0.0	1.0	0.0	1.0	-5.684341886080802e-14	9.611592588498752e-08	9.611593299041488e-08	0.0	-1.0
1.0	4.880000114440918	-0.9999999403953552	0.3111063241958618	0.9065202474594116	1.0	0	0.0	0	0.0	0	0.0	1.0	0.0	1.0	-5.684341886080802e-14	9.611592588498752e-08	9.611593299041488e-08	0.0	-1.0
0.9999999403953552	2.880000114440918	1.0	0.3083760738372803	0.22231125831604004	1.0	0	0.0	0	0.0	0	-5.984774276157623e-08	0.0	1.0	1.0	0.0	5.984774276157623e-08	0.0	1.0	0.0
2.9918761253356934	4.880000114440918	1.0000001192092896	0.463409423828125	0.3779735565185547	1.0	2	0.0	0	0.0	0	-5.984774276157623e-08	0.0	1.0	1.0	0.0	5.984774276157623e-08	0.0	1.0	0.0
0.9999999403953552	4.880000114440918	1.0	0.3083760738372803	0.3779735565185547	1.0	0	0.0	0	0.0	0	-5.984774276157623e-08	0.0	1.0	1.0	0.0	5.984774276157623e-08	0.0	1.0	0.0
1.0	6.871875762939453	-0.9999999403953552	0.7781028747558594	0.5330034494400024	1.0	0	0.0	0	0.0	0	0.0	1.0	0.0	2.9802322387695312e-08	0.0	-1.0	-1.0	0.0	-2.9802322387695312e-08
-1.0	6.871875762939453	0.9999999403953552	0.6224373579025269	0.688668966293335	1.0	0	0.0	0	0.0	0	0.0	1.0	0.0	2.9802322387695312e-08	0.0	-1.0	-1.0	0.0	-2.9802322387695312e-08
0.9999999403953552	6.871875762939453	1.0	0.6224373579025269	0.5330034494400024	1.0	0	0.0	0	0.0	0	0.0	1.0	0.0	2.9802322387695312e-08	0.0	-1.0	-1.0	0.0	-2.9802322387695312e-08
0.9999999403953552	4.880000114440918	1.0	0.3083760738372803	0.3779735565185547	1.0	0	0.0	0	0.0	0	-2.9802322387695312e-08	0.0	1.0	1.0	0.0	2.9802322387695312e-08	0.0	1.0	0.0
-1.0	6.871875762939453	0.9999999403953552	0.1527106761932373	0.5330033302307129	1.0	0	0.0	0	0.0	0	-2.9802322387695312e-08	0.0	1.0	1.0	0.0	2.9802322387695312e-08	0.0	1.0	0.0
-1.0	4.880000114440918	0.9999999403953552	0.1527106761932373	0.3779735565185547	1.0	0	0.0	0	0.0	0	-2.9802322387695312e-08	0.0	1.0	1.0	0.0	2.9802322387695312e-08	0.0	1.0	0.0
1.0	4.880000114440918	-0.9999999403953552	0.3105902671813965	0.9168781042098999	1.0	0	0.0	0	0.0	0	1.0	0.0	2.9802322387695312e-08	0.0	-1.0	0.0	2.9802322387695312e-08	0.0	-1.0
0.9999999403953552	6.871875762939453	1.0	0.15555763244628906	0.7612125873565674	1.0	0	0.0	0	0.0	0	1.0	0.0	2.9802322387695312e-08	0.0	-1.0	0.0	2.9802322387695312e-08	0.0	-1.0
0.9999999403953552	4.880000114440918	1.0	0.3105902671813965	0.7612125873565674	1.0	0	0.0	0	0.0	0	1.0	0.0	2.9802322387695312e-08	0.0	-1.0	0.0	2.9802322387695312e-08	0.0	-1.0
-1.0	4.880000114440918	0.9999999403953552	0.9320151805877686	0.688668966293335	1.0	0	0.0	0	0.0	0	-1.0	0.0	-2.9802322387695312e-08	0.0	-1.0	0.0	-2.9802322387695312e-08	0.0	1.0
-0.9999999403953552	6.871875762939453	-1.0	0.7781028747558594	0.5330034494400024	1.0	0	0.0	0	0.0	0	-1.0	0.0	-2.9802322387695312e-08	0.0	-1.0	0.0	-2.9802322387695312e-08	0.0	1.0
-0.9999999403953552	4.880000114440918	-1.0	0.9320151805877686	0.5330034494400024	1.0	0	0.0	0	0.0	0	-1.0	0.0	-2.9802322387695312e-08	0.0	-1.0	0.0	-2.9802322387695312e-08	0.0	1.0
0.9999999403953552	2.880000114440918	1.0	0.3083760738372803	0.22231125831604004	1.0	0	0.0	0	0.0	0	-1.192092469182171e-07	-4.2446135495310955e-09	1.0	1.0	-4.362158770724699e-21	1.192092469182171e-07	-5.059928657946894e-16	1.0	4.2446135495310955e-09
1.0995484590530396	0.0841970443725586	1.0	0.31612420082092285	0.004710674285888672	1.0	0	0.0	0	0.0	0	-1.192092469182171e-07	-4.2446135495310955e-09	1.0	1.0	-4.39231895523699e-21	1.192092469182171e-07	-5.059928128551302e-16	1.0	4.2446135495310955e-09
2.099548816680908	0.0841970443725586	1.0000001192092896	0.39395713806152344	0.004710674285888672	1.0	0	0.0	0	0.0	0	-1.192092469182171e-07	-4.2446135495310955e-09	1.0	1.0	-4.392318551340207e-21	1.192092469182171e-07	-5.059928128551302e-16	1.0	4.2446135495310955e-09
2.099548816680908	0.0841970443725586	1.0000001192092896	0.8529807925224304	1.0	1.0	0	0.0	0	0.0	0	0.0	-1.0	0.0	1.0	0.0	0.0	0.0	0.0	1.0
1.0995484590530396	0.0841970443725586	-0.9999999403953552	0.7751479744911194	0.8443344831466675	1.0	0	0.0	0	0.0	0	0.0	-1.0	0.0	1.0	0.0	0.0	0.0	0.0	1.0
2.099548816680908	0.0841970443725586	-0.9999998807907104	0.8529807925224304	0.8443344831466675	1.0	0	0.0	0	0.0	0	0.0	-1.0	0.0	1.0	0.0	0.0	0.0	0.0	1.0
4.371138828673793e-08	2.880000114440918	-1.0	0.4667719006538391	0.7387633323669434	1.0	0	0.0	0	0.0	0	-0.9306158423423767	-0.3659975826740265	0.0	-3.6659126845250967e-09	9.321253102712035e-09	1.0	-0.3659976124763489	0.9306159019470215	-1.0016221629882693e-08
1.0995484590530396	0.0841970443725586	1.0	0.6224374175071716	0.533003568649292	1.0	0	0.0	0	0.0	0	-0.9306158423423767	-0.3659975826740265	0.0	-2.1894135393552006e-09	5.566984206950565e-09	1.0	-0.3659976124763489	0.9306159019470215	-5.982043749241939e-09
-4.371138828673793e-08	2.880000114440918	1.0	0.6224374175071716	0.7387633323669434	1.0	0	0.0	0	0.0	0	-0.9306158423423767	-0.3659975826740265	0.0	-5.855325113657273e-09	1.488823642148418e-08	1.0	-0.3659975826740265	0.9306158423423767	-1.5998264046857003e-08
1.0	2.880000114440918	-0.9999999403953552	0.6184425354003906	0.22231125831604004	1.0	0	0.0	0	0.0	0	5.960464477539063e-08	2.122306330676338e-09	-1.0	-1.0	-1.507989346319745e-23	-5.960464477539063e-08	-1.2649932817941563e-16	1.0	2.122306330676338e-09
1.0995484590530396	0.0841970443725586	-0.9999999403953552	0.610694408416748	0.004710674285888672	1.0	0	0.0	0	0.0	0	5.960464477539063e-08	2.122306330676338e-09	-1.0	-1.0	-1.507989346319745e-23	-5.960464477539063e-08	-1.2649932817941563e-16	1.0	2.122306330676338e-09
4.371138828673793e-08	2.880000114440918	-1.0	0.6962754726409912	0.22231125831604004	1.0	0	0.0	0	0.0	0	5.960464477539063e-08	2.122306330676338e-09	-1.0	-1.0	-1.507989346319745e-23	-5.960464477539063e-08	-1.2649932817941563e-16	1.0	2.122306330676338e-09
0.9999999403953552	2.880000114440918	1.0	0.3111063838005066	0.7508544921875	1.0	0	0.0	0	0.0	0	0.9306158423423767	0.36599770188331604	0.0	3.992149277820545e-09	-1.0150765561434127e-08	-1.0	-0.36599770188331604	0.9306158423423767	-1.0907580616503765e-08
2.099548816680908	0.0841970443725586	-0.9999998807907104	0.4667719006538391	0.5330033302307129	1.0	0	0.0	0	0.0	0	0.9306158423423767	0.36599770188331604	0.0	3.992149277820545e-09	-1.0150765561434127e-08	-1.0	-0.36599770188331604	0.9306158423423767	-1.0907580616503765e-08
1.0	2.880000114440918	-0.9999999403953552	0.4667719006538391	0.7508544921875	1.0	0	0.0	0	0.0	0	0.9306158423423767	0.36599770188331604	0.0	3.992149277820545e-09	-1.0150765561434127e-08	-1.0	-0.36599770188331604	0.9306158423423767	-1.0907580616503765e-08
-1.0838159322738647	0.024385929107666016	-0.8894840478897095	0.9308133125305176	0.8443345427513123	1.0	0	0.0	0	0.0	0	0.0	-1.0	0.0	1.0	0.0	5.9604641222676946e-08	-5.9604641222676946e-08	0.0	1.0
-2.0838160514831543	0.024385929107666016	1.1105159521102905	0.8529806137084961	1.0	1.0	0	0.0	0	0.0	0	0.0	-1.0	0.0	1.0	0.0	5.9604641222676946e-08	-5.9604641222676946e-08	0.0	1.0
-2.0838160514831543	0.024385929107666016	-0.8894841074943542	0.8529806137084961	0.8443345427513123	1.0	0	0.0	0	0.0	0	0.0	-1.0	0.0	1.0	0.0	5.9604641222676946e-08	-5.9604641222676946e-08	0.0	1.0
-1.0	2.880000114440918	0.9999999403953552	0.1555575132369995	0.7639422416687012	1.0	0	0.0	0	0.0	0	-0.9349267482757568	0.35484084486961365	0.0	0.013614143244922161	0.03587023913860321	0.9992637634277344	0.3545795679092407	0.9342383146286011	-0.0383668951690197
-2.0838160514831543	0.024385929107666016	-0.8894841074943542	0.0	0.5388011932373047	1.0	0	0.0	0	0.0	0	-0.9349267482757568	0.35484084486961365	0.0	0.013613997958600521	0.03586985915899277	0.9992637634277344	0.3545795679092407	0.9342383146286011	-0.03836648911237717
-2.0838160514831543	0.024385929107666016	1.1105159521102905	0.1555575132369995	0.5330033302307129	1.0	0	0.0	0	0.0	0	-0.9349267482757568	0.35484084486961365	0.0	0.01361379399895668	0.03586932271718979	0.9992637634277344	0.3545795977115631	0.9342384338378906	-0.0383659191429615
-1.0	2.880000114440918	0.9999999403953552	0.1527106761932373	0.22231125831604004	1.0	0	0.0	0	0.0	0	-5.214294418465215e-08	0.03867240250110626	0.9992519021034241	1.0	-2.868378590203946e-10	5.2193080080087384e-08	2.3050552577785766e-09	0.9992519021034241	-0.03867240250110626
-1.0838159322738647	0.024385929107666016	1.11051607131958	0.14618706703186035	0.0	1.0	0	0.0	0	0.0	0	-5.214294418465215e-08	0.03867240250110626	0.9992519021034241	1.0	-2.868378590203946e-10	5.2193080080087384e-08	2.3050552577785766e-09	0.9992519021034241	-0.03867240250110626
-4.371138828673793e-08	2.880000114440918	1.0	0.2305433750152588	0.22231125831604004	1.0	0	0.0	0	0.0	0	-5.214294418465215e-08	0.03867240250110626	0.9992519021034241	1.0	-2.8683774799809214e-10	5.219308363280106e-08	2.3050550357339716e-09	0.9992519617080688	-0.03867240250110626
-0.9999999403953552	2.880000114440918	-1.0	0.7741081714630127	0.22231125831604004	1.0	0	0.0	0	0.0	0	5.956005111329432e-08	-0.03867234289646149	-0.9992519021034241	-1.0	-3.6897068733665606e-11	-5.960321303177807e-08	2.2681265754442848e-09	0.9992519021034241	-0.03867234289646149
-1.0838159322738647	0.024385929107666016	-0.8894840478897095	0.7806317806243896	0.0	1.0	0	0.0	0	0.0	0	5.956005111329432e-08	-0.03867234289646149	-0.9992519021034241	-1.0	-3.6897068733665606e-11	-5.960321303177807e-08	2.2681265754442848e-09	0.9992519021034241	-0.03867234289646149
-2.0838160514831543	0.024385929107666016	-0.8894841074943542	0.8584644794464111	0.0	1.0	0	0.0	0	0.0	0	5.956005111329432e-08	-0.03867234289646149	-0.9992519021034241	-1.0	-3.6896940364128383e-11	-5.960321658449175e-08	2.2681265754442848e-09	0.9992519617080688	-0.03867234289646149
-0.9999999403953552	6.871875762939453	-1.0	0.7741081714630127	0.533003568649292	1.0	0	0.0	0	0.0	0	2.9802322387695312e-08	0.0	-1.0	-1.0	0.0	-2.9802322387695312e-08	0.0	1.0	0.0
-2.9620351791381836	2.880000114440918	-1.0000001192092896	0.92681884765625	0.22231125831604004	1.0	3	0.0	0	0.0	0	6.075797642779435e-08	0.0	-1.0	-1.0	0.0	-6.075797642779435e-08	0.0	1.0	0.0
4.371138828673793e-08	2.880000114440918	-1.0	0.6962754726409912	0.22231125831604004	1.0	0	0.0	0	0.0	0	0.0	0.0	-1.0	-1.0	0.0	0.0	0.0	1.0	0.0
-0.9999999403953552	2.880000114440918	-1.0	0.7741081714630127	0.22231125831604004	1.0	0	0.0	0	0.0	0	0.0	0.0	-1.0	-1.0	0.0	0.0	0.0	1.0	0.0
-0.9999999403953552	4.880000114440918	-1.0	0.7741081714630127	0.3779735565185547	1.0	0	0.0	0	0.0	0	0.0	0.0	-1.0	-1.0	0.0	0.0	0.0	1.0	0.0
-0.9999999403953552	4.880000114440918	-1.0	0.7741081714630127	0.3779735565185547	1.0	0	0.0	0	0.0	0	2.9802322387695312e-08	1.4901161193847656e-08	-1.0	-1.0	-1.588186902319558e-22	-2.9802322387695312e-08	-4.440893686687402e-16	1.0	1.4901161193847656e-08
1.0	4.880000114440918	-0.9999999403953552	0.6184425354003906	0.3779735565185547	1.0	0	0.0	0	0.0	0	2.9802322387695312e-08	1.4901161193847656e-08	-1.0	-1.0	-1.588186902319558e-22	-2.9802322387695312e-08	-4.440893686687402e-16	1.0	1.4901161193847656e-08
4.371138828673793e-08	2.880000114440918	-1.0	0.6962754726409912	0.22231125831604004	1.0	0	0.0	0	0.0	0	2.9802322387695312e-08	1.4901161193847656e-08	-1.0	-1.0	-1.588186902319558e-22	-2.9802322387695312e-08	-4.440893686687402e-16	1.0	1.4901161193847656e-08
-4.371138828673793e-08	2.880000114440918	1.0	0.3111063241958618	0.5390300154685974	1.0	0	0.0	0	0.0	0	0.9349267482757568	-0.35484081506729126	0.0	0.014708475209772587	0.03875356540083885	0.9991405606269836	-0.354535847902298	-0.9341232180595398	0.04145091399550438
-1.0838159322738647	0.024385929107666016	1.11051607131958	0.3111063241958618	0.7612125873565674	1.0	0	0.0	0	0.0	0	0.9349267482757568	-0.35484081506729126	0.0	0.014708474278450012	0.03875356167554855	0.9991405606269836	-0.354535847902298	-0.9341232180595398	0.04145091027021408
-1.0838159322738647	0.024385929107666016	-0.8894840478897095	0.1555575132369995	0.7551859617233276	1.0	0	0.0	0	0.0	0	0.9349267482757568	-0.35484081506729126	0.0	0.014708476141095161	0.03875356540083885	0.9991406202316284	-0.354535847902298	-0.9341232776641846	0.04145091399550438
-4.371138828673793e-08	2.880000114440918	1.0	0.2305433750152588	0.22231125831604004	1.0	0	0.0	0	0.0	0	0.0	0.0	1.0	1.0	0.0	0.0	0.0	1.0	0.0
0.9999999403953552	2.880000114440918	1.0	0.3083760738372803	0.22231125831604004	1.0	0	0.0	0	0.0	0	0.0	0.0	1.0	1.0	0.0	0.0	0.0	1.0	0.0
0.9999999403953552	4.880000114440918	1.0	0.3083760738372803	0.3779735565185547	1.0	0	0.0	0	0.0	0	0.0	0.0	1.0	1.0	0.0	0.0	0.0	1.0	0.0
0.9999999403953552	4.880000114440918	1.0	0.3083760738372803	0.3779735565185547	1.0	0	0.0	0	0.0	0	-2.9802322387695312e-08	1.4901161193847656e-08	1.0	1.0	-1.588186902319558e-22	2.9802322387695312e-08	4.440893686687402e-16	1.0	-1.4901161193847656e-08
-1.0	4.880000114440918	0.9999999403953552	0.1527106761932373	0.3779735565185547	1.0	0	0.0	0	0.0	0	-2.9802322387695312e-08	1.4901161193847656e-08	1.0	1.0	-1.588186902319558e-22	2.9802322387695312e-08	4.440893686687402e-16	1.0	-1.4901161193847656e-08
-4.371138828673793e-08	2.880000114440918	1.0	0.2305433750152588	0.22231125831604004	1.0	0	0.0	0	0.0	0	-2.9802322387695312e-08	1.4901161193847656e-08	1.0	1.0	-1.588186902319558e-22	2.9802322387695312e-08	4.440893686687402e-16	1.0	-1.4901161193847656e-08
2.9918761253356934	4.880000114440918	-0.9999998807907104	0.463409423828125	0.3779735565185547	1.0	2	0.0	0	0.0	0	2.9923871380788114e-08	0.0	-1.0	-1.0	0.0	-2.9923871380788114e-08	0.0	1.0	0.0
-2.9620351791381836	4.880000114440918	-1.0000001192092896	0.0	0.7697403430938721	1.0	3	0.0	0	0.0	0	-1.0	0.0	0.0	0.0	-1.0	0.0	0.0	0.0	1.0
-1.0	2.880000114440918	0.9999999403953552	0.9308135509490967	0.8443344831466675	1.0	0	0.0	0	0.0	0	0.0	-1.0	0.0	1.0	0.0	3.0378988213897173e-08	-3.0378988213897173e-08	0.0	1.0
-2.9620351791381836	2.880000114440918	0.9999998807907104	0.7781028747558594	0.8443344831466675	1.0	3	0.0	0	0.0	0	0.0	-1.0	0.0	1.0	0.0	3.0378988213897173e-08	-3.0378988213897173e-08	0.0	1.0
-2.9620351791381836	2.880000114440918	-1.0000001192092896	0.7781028747558594	0.688668966293335	1.0	3	0.0	0	0.0	0	0.0	-1.0	0.0	1.0	0.0	3.0378988213897173e-08	-3.0378988213897173e-08	0.0	1.0
-0.9999999403953552	4.880000114440918	-1.0	0.7751481533050537	1.0	1.0	0	0.0	0	0.0	0	0.0	1.0	0.0	1.0	0.0	6.075797642779435e-08	6.075797642779435e-08	0.0	-1.0
-2.9620351791381836	4.880000114440918	-1.0000001192092896	0.6224374771118164	1.0	1.0	3	0.0	0	0.0	0	0.0	1.0	0.0	1.0	0.0	6.075797642779435e-08	6.075797642779435e-08	0.0	-1.0
-2.9620351791381836	4.880000114440918	0.9999998807907104	0.6224374771118164	0.8443344831466675	1.0	3	0.0	0	0.0	0	0.0	1.0	0.0	1.0	0.0	6.075797642779435e-08	6.075797642779435e-08	0.0	-1.0
-2.9620351791381836	4.880000114440918	0.9999998807907104	0.0	0.3779735565185547	1.0	3	0.0	0	0.0	0	-3.0378988213897173e-08	0.0	1.0	1.0	0.0	3.0378988213897173e-08	0.0	1.0	0.0
2.9918761253356934	4.880000114440918	1.0000001192092896	0.6224372982978821	0.688668966293335	1.0	2	0.0	0	0.0	0	1.0	0.0	0.0	0.0	-1.0	0.0	0.0	0.0	-1.0
1.0	2.880000114440918	-0.9999999403953552	0.46677184104919434	0.7387632131576538	1.0	0	0.0	0	0.0	0	0.0	-1.0	0.0	1.0	0.0	2.9923871380788114e-08	-2.9923871380788114e-08	0.0	1.0
2.9918761253356934	2.880000114440918	-0.9999998807907104	0.6218050718307495	0.7387632131576538	1.0	2	0.0	0	0.0	0	0.0	-1.0	0.0	1.0	0.0	2.9923871380788114e-08	-2.9923871380788114e-08	0.0	1.0
2.9918761253356934	2.880000114440918	1.0000001192092896	0.6218050718307495	0.8944287300109863	1.0	2	0.0	0	0.0	0	0.0	-1.0	0.0	1.0	0.0	2.9923871380788114e-08	-2.9923871380788114e-08	0.0	1.0
0.9999999403953552	4.880000114440918	1.0	0.3111063241958618	0.7508547306060791	1.0	0	0.0	0	0.0	0	0.0	1.0	0.0	1.0	0.0	5.984774276157623e-08	5.984774276157623e-08	0.0	-1.0
2.9918761253356934	4.880000114440918	1.0000001192092896	0.466139554977417	0.7508547306060791	1.0	2	0.0	0	0.0	0	0.0	1.0	0.0	1.0	0.0	5.984774276157623e-08	5.984774276157623e-08	0.0	-1.0
2.9918761253356934	4.880000114440918	-0.9999998807907104	0.466139554977417	0.9065202474594116	1.0	2	0.0	0	0.0	0	0.0	1.0	0.0	1.0	0.0	5.984774276157623e-08	5.984774276157623e-08	0.0	-1.0
2.9918761253356934	2.880000114440918	1.0000001192092896	0.463409423828125	0.22231125831604004	1.0	2	0.0	0	0.0	0	-5.984774276157623e-08	0.0	1.0	1.0	0.0	5.984774276157623e-08	0.0	1.0	0.0
1.0	6.871875762939453	-0.9999999403953552	0.7781028747558594	0.5330034494400024	1.0	0	0.0	0	0.0	0	0.0	1.0	0.0	0.0	0.0	-1.0	-1.0	0.0	0.0
-0.9999999403953552	6.871875762939453	-1.0	0.7781028747558594	0.688668966293335	1.0	0	0.0	0	0.0	0	0.0	1.0	0.0	0.0	0.0	-1.0	-1.0	0.0	0.0
-1.0	6.871875762939453	0.9999999403953552	0.6224373579025269	0.688668966293335	1.0	0	0.0	0	0.0	0	0.0	1.0	0.0	0.0	0.0	-1.0	-1.0	0.0	0.0
0.9999999403953552	6.871875762939453	1.0	0.3083760738372803	0.5330033302307129	1.0	0	0.0	0	0.0	0	-2.9802322387695312e-08	0.0	1.0	1.0	0.0	2.9802322387695312e-08	0.0	1.0	0.0
1.0	6.871875762939453	-0.9999999403953552	0.15555763244628906	0.9168781042098999	1.0	0	0.0	0	0.0	0	1.0	0.0	2.9802322387695312e-08	0.0	-1.0	0.0	2.9802322387695312e-08	0.0	-1.0
-1.0	6.871875762939453	0.9999999403953552	0.7781028747558594	0.688668966293335	1.0	0	0.0	0	0.0	0	-1.0	0.0	-2.9802322387695312e-08	0.0	-1.0	0.0	-2.9802322387695312e-08	0.0	1.0
1.0995484590530396	0.0841970443725586	1.0	0.31612420082092285	0.004710674285888672	1.0	0	0.0	0	0.0	0	0.0	0.0	1.0	1.0	0.0	0.0	0.0	1.0	0.0
2.099548816680908	0.0841970443725586	1.0000001192092896	0.8529807925224304	1.0	1.0	0	0.0	0	0.0	0	0.0	-1.0	0.0	1.0	0.0	1.1920925402364446e-07	-1.1920925402364446e-07	0.0	1.0
1.0995484590530396	0.0841970443725586	1.0	0.7751479744911194	1.0	1.0	0	0.0	0	0.0	0	0.0	-1.0	0.0	1.0	0.0	1.1920925402364446e-07	-1.1920925402364446e-07	0.0	1.0
1.0995484590530396	0.0841970443725586	-0.9999999403953552	0.7751479744911194	0.8443344831466675	1.0	0	0.0	0	0.0	0	0.0	-1.0	0.0	1.0	0.0	1.192092469182171e-07	-1.192092469182171e-07	0.0	1.0
1.0995484590530396	0.0841970443725586	-0.9999999403953552	0.4667719006538391	0.533003568649292	1.0	0	0.0	0	0.0	0	-0.9306158423423767	-0.3659975826740265	0.0	0.0	0.0	1.0	-0.3659975826740265	0.9306158423423767	0.0
1.0	2.880000114440918	-0.9999999403953552	0.6184425354003906	0.22231125831604004	1.0	0	0.0	0	0.0	0	5.960462345910855e-08	2.122305664542523e-09	-1.0	-1.0	3.0159777460064037e-23	-5.960462345910855e-08	-1.2649920906540742e-16	1.0	2.122305664542523e-09
2.099548816680908	0.0841970443725586	-0.9999998807907104	0.5328617095947266	0.004710674285888672	1.0	0	0.0	0	0.0	0	5.960462345910855e-08	2.122305664542523e-09	-1.0	-1.0	3.769972261394095e-23	-5.960462345910855e-08	-1.2649919583051762e-16	1.0	2.122305664542523e-09
1.0995484590530396	0.0841970443725586	-0.9999999403953552	0.610694408416748	0.004710674285888672	1.0	0	0.0	0	0.0	0	5.960462345910855e-08	2.122305664542523e-09	-1.0	-1.0	3.769972261394095e-23	-5.960462345910855e-08	-1.2649919583051762e-16	1.0	2.122305664542523e-09
0.9999999403953552	2.880000114440918	1.0	0.3111063838005066	0.7508544921875	1.0	0	0.0	0	0.0	0	0.9306158423423767	0.36599770188331604	0.0	0.0	0.0	-1.0	-0.36599770188331604	0.9306158423423767	0.0
2.099548816680908	0.0841970443725586	1.0000001192092896	0.3111063838005066	0.5330033302307129	1.0	0	0.0	0	0.0	0	0.9306158423423767	0.36599770188331604	0.0	0.0	0.0	-1.0	-0.36599770188331604	0.9306158423423767	0.0
2.099548816680908	0.0841970443725586	-0.9999998807907104	0.4667719006538391	0.5330033302307129	1.0	0	0.0	0	0.0	0	0.9306158423423767	0.36599770188331604	0.0	0.0	0.0	-1.0	-0.36599770188331604	0.9306158423423767	0.0
-1.0838159322738647	0.024385929107666016	-0.8894840478897095	0.9308133125305176	0.8443345427513123	1.0	0	0.0	0	0.0	0	0.0	-1.0	0.0	1.0	0.0	0.0	0.0	0.0	1.0
-1.0838159322738647	0.024385929107666016	1.11051607131958	0.9308133125305176	1.0	1.0	0	0.0	0	0.0	0	0.0	-1.0	0.0	1.0	0.0	0.0	0.0	0.0	1.0
-2.0838160514831543	0.024385929107666016	1.1105159521102905	0.8529806137084961	1.0	1.0	0	0.0	0	0.0	0	0.0	-1.0	0.0	1.0	0.0	0.0	0.0	0.0	1.0
-1.0	2.880000114440918	0.9999999403953552	0.1555575132369995	0.7639422416687012	1.0	0	0.0	0	0.0	0	-0.9349267482757568	0.35484084486961365	-2.7862988360993768e-08	0.013614117167890072	0.035870250314474106	0.9992637634277344	0.3545795679092407	0.9342383146286011	-0.03836689889431
-0.9999999403953552	2.880000114440918	-1.0	0.0	0.7697403430938721	1.0	0	0.0	0	0.0	0	-0.9349267482757568	0.35484084486961365	-2.7862988360993768e-08	0.013614317402243614	0.03587077930569649	0.9992636442184448	0.3545795679092407	0.9342383146286011	-0.038367465138435364
-2.0838160514831543	0.024385929107666016	-0.8894841074943542	0.0	0.5388011932373047	1.0	0	0.0	0	0.0	0	-0.9349267482757568	0.35484084486961365	-2.7862988360993768e-08	0.013613971881568432	0.03586987033486366	0.9992637634277344	0.3545795679092407	0.9342383146286011	-0.03836648911237717
-1.0	2.880000114440918	0.9999999403953552	0.1527106761932373	0.22231125831604004	1.0	0	0.0	0	0.0	0	-1.1912010222658864e-07	0.03867240622639656	0.9992519021034241	1.0	7.379487299008503e-11	1.1920642606355614e-07	4.536259812226717e-09	0.9992519021034241	-0.03867240622639656
-2.0838160514831543	0.024385929107666016	1.1105159521102905	0.06835412979125977	0.0	1.0	0	0.0	0	0.0	0	-1.1912010222658864e-07	0.03867240622639656	0.9992519021034241	1.0	7.379487992897893e-11	1.192064331689835e-07	4.536259812226717e-09	0.9992519617080688	-0.03867240622639656
-1.0838159322738647	0.024385929107666016	1.11051607131958	0.14618706703186035	0.0	1.0	0	0.0	0	0.0	0	-1.1912010222658864e-07	0.03867240622639656	0.9992519021034241	1.0	7.379488686787283e-11	1.1920642606355614e-07	4.536259812226717e-09	0.9992519021034241	-0.03867240622639656
-0.9999999403953552	2.880000114440918	-1.0	0.7741081714630127	0.22231125831604004	1.0	0	0.0	0	0.0	0	0.0	-0.03867233917117119	-0.9992519021034241	-1.0	0.0	0.0	0.0	0.9992519021034241	-0.03867233917117119
4.371138828673793e-08	2.880000114440918	-1.0	0.6962754726409912	0.22231125831604004	1.0	0	0.0	0	0.0	0	0.0	-0.03867233917117119	-0.9992519021034241	-1.0	0.0	0.0	0.0	0.9992519617080688	-0.03867233917117119
-1.0838159322738647	0.024385929107666016	-0.8894840478897095	0.7806317806243896	0.0	1.0	0	0.0	0	0.0	0	0.0	-0.03867233917117119	-0.9992519021034241	-1.0	0.0	0.0	0.0	0.9992519021034241	-0.03867233917117119
0	1	2
3	4	5
6	7	8
9	10	11
12	13	14
15	16	17
18	19	20
21	22	23
24	25	26
27	28	29
30	31	32
33	34	35
36	37	38
39	40	41
42	43	44
45	46	47
48	49	50
51	52	53
54	55	56
57	58	59
60	61	62
63	64	65
66	67	68
69	70	71
72	73	74
75	76	77
78	79	80
0	81	1
3	82	4
83	84	85
86	87	88
89	90	91
92	93	94
95	96	97
15	98	16
18	99	19
100	101	102
103	104	105
27	106	28
30	107	31
108	109	110
111	112	113
39	114	40
115	116	117
45	118	46
48	119	49
51	120	52
93	92	121
122	123	124
60	125	61
126	127	128
129	130	131
132	133	134
135	136	137
138	139	140
141	142	143
